          ITN    3047    Optimal Soln  NINF      0      OBJ   8.000562279742E+00
OBJ=         RHS=         RNG=         BND=         M=     91 N=     90 SB=    7
33333333333333333033333333333333333323333333333333333222033233233023333333033333
30330303331001013300000033310000000000000000000031333000000000000000000333330000
000000000000000000003
      63    1.91491273754288E+02
      54   -1.44174181824779E-01
      56   -1.47378761093879E-05
      55    8.22186492249353E-02
      37   -7.02770454254232E-04
      60    9.93109229281312E-01
      67    2.37473036113006E+02
       1    1.88255498041505E-02
       2    8.37411264439190E-01
       3    1.05325434445570E-02
       4   -5.68303063799598E-05
       5    1.84045879890501E-04
       6   -1.28579392810462E-03
       7    1.55564101323887E-01
       8   -9.75428414129078E-03
       9    1.85652530650226E-01
      10   -1.00172275543533E-03
      11    3.24409584705971E-03
      12   -2.26641263575116E-02
      13    4.06767211241955E-02
      14    3.39409947717917E-02
      15    1.09144556845519E-02
      16    4.78786835023424E-01
      17    6.44384846142008E+00
      18   -1.57880598587201E-02
      19    5.67325637710420E-02
      20    9.13065139739882E-02
      21    8.30866982679436E-01
      22    9.70726502262157E-02
      23    2.98293106511491E-02
      24    5.18255102997411E-04
      25    9.65882656163044E-03
      26    7.26152399124185E-01
      27   -6.55640546306324E-02
      28    8.67004280077252E-01
      29    2.99415070161016E-01
      30    3.34828367970393E-03
      31    1.09648961244953E-01
      32   -7.69370417193249E-04
      33   -2.97120034400967E-02
      34   -1.21490139270593E-02
      35   -7.95778781209166E+00
      36   -8.82428362917120E-01
      38    9.98150859447670E-02
      39    1.27038562516207E-01
      40    7.98116644798310E-01
      41    1.58946954756089E-01
      42    4.15652941286232E-02
      43    2.26207965939612E-04
      44    1.14050661783877E-02
      45    7.14640970844380E-01
      46   -6.55006757622518E-01
      47    1.23748609059746E+00
      48    2.34719669549483E-01
      49   -5.84094274115599E-03
      50    3.49247923351445E-02
      51   -4.62567561944345E-02
      52   -1.53591126804413E-03
      53    1.19202139149182E-02
      57    5.00000000000000E-02
      58    2.30769475937700E-03
      59    6.19205065838752E-04
      61    9.01442965750519E+00
      62    4.41134913751492E+01
      64    2.23089998421292E-03
      65   -5.93449804333993E-04
      66   -2.82956043432887E+01
      68    1.14028999899081E-02
      69    1.42536249873851E-02
      70   -8.19378255088047E-05
      71    2.56089137678109E-06
      72   -4.13590306276514E-25
      73    4.13590306276514E-25
      74   -9.52912065661088E-21
      75    0.00000000000000E+00
       0
