          ITN    5051    Optimal Soln  NINF      0      OBJ  -3.683844297909E-01
OBJ=         RHS=         RNG=         BND=         M=    125 N=    152 SB=    4
33333303333333333330033322303333333333333333330033333333333333233300333333333333
33332300303333333333333333331330003300033300033000033000330001300003000031011133
00000033130000003000000000000001003300000000000000000000111133000000000000000000
0033330030000000000000000000000000003
      25   -1.15878760220091E+01
      85   -1.93892878204705E+00
      63    1.32155895111411E+01
      26   -5.71319942076456E+00
       1   -9.91299219242384E-04
       2    2.00418452898795E-03
       3   -9.23772820863519E-03
       4    3.03862396920435E-01
       5    5.71267263704177E+00
       6   -2.40685663918763E+01
       7    5.00000000000000E-02
       8   -2.78664028502901E-02
       9   -4.88465142719606E-04
      10    9.54216446202050E-03
      11    9.51762878539640E-01
      12    1.62728469548282E+00
      13    2.25407920070909E+01
      14    8.08968375300589E-02
      15    2.08700323485452E-02
      16    1.39960675544156E-03
      17   -5.26755351334059E-02
      18   -1.74846471202163E+00
      19    6.10291214068782E+00
      20    1.04283374647483E+01
      21    5.00000000000000E-02
      22    2.67664782334376E-01
      23   -5.50725205343616E-03
      24    6.09110368703319E-02
      27   -6.56597936192557E+01
      28    5.00000000000000E-02
      29    1.31228640683967E-02
      30    8.37669528998645E-01
      31    3.73853646175422E-03
      32   -4.95649609773165E-05
      33    1.00209226323464E-04
      34   -4.61886410222901E-04
      35    6.24572813678045E-02
      36    1.17207833414001E-02
      37    7.47707292350828E-02
      38    2.06046909763709E-03
      39   -2.18315320457176E-05
      40    4.12093819531521E-02
      41    5.00000000004497E-01
      42   -4.36630641568328E-04
      43   -1.05437762242172E+01
      44    1.05927717844911E+02
      45    3.05584183078928E+01
      46    1.05736820150706E+02
      47    1.13318526226952E+04
      48    1.21140920629472E+04
      49    2.47139470607675E-02
      50    8.37875379206716E-01
      51    1.75739124189118E-02
      52   -2.30386882425754E-03
      53    6.06939410614545E-05
      54    3.10044517115726E-04
      55    1.43282275859845E-01
      56    2.54460142577933E-03
      57    1.71024929751759E-01
      58    1.97984247963954E-03
      59   -3.47920687832980E-05
      60   -9.96659706214844E-04
      61   -3.27414164744427E-01
      62   -1.60210673712940E-04
      64    1.06561221536260E+02
      65    1.36523496687471E+01
      66    1.02488622115352E+02
      67    1.15392584603106E+04
      68    1.06903041960603E+04
      69    3.62895694402653E-02
      70    8.37570134373090E-01
      71    3.13947632462004E-02
      72   -1.26036720683028E-03
      73    1.30674278825726E-04
      74   -2.32373223955536E-03
      75    2.31512447589921E-01
      76   -6.10489667267354E-03
      77    2.76417016545775E-01
      78    1.99038261916137E-03
      79    9.68016663449483E-06
      80    2.10802790585667E-04
      81   -4.70264590156097E-01
      82    8.89444708391991E-04
      83   -1.93931036756923E+00
      84    9.40863360165630E+01
      86    9.50162345334428E+01
      87    8.85599946329629E+03
      88    9.03204202405062E+03
      89    4.86448558314850E-02
      90    1.25000000000000E+00
      91   -4.10903016052146E-02
      92    1.21228719098885E-02
      93   -1.44688323853845E-04
      94    7.21819603934016E-04
      95    2.47105727824410E-01
      96   -4.75382781204111E-01
      97   -1.44970129702822E+00
      98   -9.35679518954394E-05
      99   -1.52644245131032E-05
     100   -4.16790114210299E-02
     101    1.00000000000008E+00
     102   -4.98891823108907E-04
     103   -1.08660180301722E-02
     104    1.35825225377152E-02
     105   -1.11073971563186E-02
     106    1.38842464453982E-02
     107    3.02554694822892E-04
     108    3.16146533429407E-04
     191    8.06959774281016E-04
       0
