          ITN     300    Proceeding    NINF      0      OBJ  -5.719129623329E-03
OBJ=         RHS=         RNG=         BND=         M=     29 N=     30 SB=    2
33333333323002330333333333303310330000003300000000000000003
      10    4.87618439030636E-01
      14    2.22460825276920E+02
       1   -6.30626941216678E-02
       2   -1.80362159815423E-03
       3   -4.08234665814168E-01
       4   -1.61096587378939E-02
       5   -2.23725874045190E-03
       6    6.32551614314223E-02
       7    3.15546471519153E-02
       8   -4.25660488829409E-02
       9   -1.59882439263388E-02
      11    9.96713819967839E-01
      12    0.00000000000000E+00
      13    2.46772711762488E+01
      15   -4.43702572076841E+00
      16    5.54628215096051E+00
      17    5.00000000000000E-02
      18    8.37874468920067E-01
      19   -2.04117332907164E-02
      20   -8.05482936894315E-04
      21   -1.11862937022594E-04
      22    3.16275807157172E-03
      23    1.57773235759580E-03
      24   -7.99412196316975E-04
       0
