          ITN     400    Proceeding    NINF      0      OBJ   1.217676991224E-06
OBJ=         RHS=         RNG=         BND=         M=     33 N=     30 SB=    3
333333333333333322333323033033331333000000131300000000000000003
      23    2.09745818098045E+02
      17    3.36858841932804E+00
      18   -9.47814412362361E-04
       1    7.72025004505463E-03
       2    8.37997819843709E-01
       3   -2.72048170379114E-03
       4   -3.03067778472128E-05
       5   -1.83285424025631E-06
       6    3.86391373476129E-04
       7   -3.46812466608347E-02
       8    5.04604151448326E-04
       9   -4.13859847256254E-02
      10   -4.61049155266747E-04
      11   -2.78827337635483E-05
      12    5.87807193522922E-03
      13    2.50010772251483E-02
      14   -4.18629758693547E-02
      15   -1.13766517808298E-02
      16    1.40098843195284E-02
      19    6.57343756799709E-02
      20    1.64343029548150E-03
      21   -7.47837144397651E-04
      22   -8.11794212306102E+00
      24    0.00000000000000E+00
      25    0.00000000000000E+00
       0
