          ITN    9362    Excess itns   NINF      0      OBJ   4.850238519685E+01
OBJ=         RHS=         RNG=         BND=         M=    291 N=    300 SB=    2
33333333333333333033333333333333333333333333333333333330333333333333333330033333
33333333333030333333133333333300003333333333333330100333333333333333333333333333
33333333303333333311333333330033330233323333303033003333303333333033303333003033
30303300330033300303033303033003300330333030303330333333133031133133000000330300
00000000000000000130133000000000000000000011330000000000000000000311333000000000
00000000013333333000000000000000000333333000000000000000000330330000000000000000
00013133000000000000000000013113333000000000000000000011333300000000000000000000
0000000000000000000000000000003
     200    1.17612731991929E+02
     196    2.01437887957958E+02
       1    4.48192789778146E-02
       2    8.36901461422536E-01
       3    4.14852075393445E-02
       4    1.26830237165375E-04
       5    2.01997475572422E-04
       6   -4.93465773047959E-03
       7    3.36897344799862E-01
       8   -1.02870060970946E-02
       9    4.01394178022625E-01
      10    1.22717216939393E-03
      11    1.95441878306037E-03
      12   -4.77457467799868E-02
      13    2.30583169326709E-02
      14   -1.79669514206528E-01
      15    6.60130477971866E-03
      16    3.42769851572621E-01
      17    5.83342571185982E+00
      18    6.44378814195448E+00
      19    1.03353654770416E-01
      20    4.44096644408217E-02
      21    8.16450447301622E-01
      22    4.09830469275853E-02
      23   -3.23470601940884E-02
      24   -1.63647123354613E-04
      25    2.80025711670059E-02
      26   -1.71357881870896E-03
      27   -8.55141646158752E-02
      28   -2.10072993230217E-03
      29   -1.35782447577798E-01
      30   -1.52859714182550E-03
      31    1.37719377245059E-01
      32   -2.27218165218601E-03
      33    4.53436895422195E-02
      34   -3.35501661808160E-03
      35    2.21745198126834E+00
      36   -2.14289564627659E-01
      37   -2.54662990038056E+00
      38    2.39091252310760E-01
      39    6.34777712735202E-02
      40    6.95342426411788E-01
      41    6.86950857691688E-02
      42   -7.94825697522813E-02
      43   -1.96276257392347E-04
      44    7.21112494442470E-02
      45    2.20506333267503E-01
      46   -1.40051204399933E+00
      47    3.20466149015543E-01
      48   -5.45081831754179E-01
      49   -3.77344177482358E-04
      50    5.10079087463180E-01
      51   -3.04044710890587E-02
      52    1.60290328592302E-02
      53   -2.05295321601482E-03
      54    1.43744443916628E+01
      55   -1.56875406701972E+01
      56   -6.89190047800247E-03
      57    8.64741770328036E-02
      58    3.52337462931669E-01
      59    8.95716964935538E-01
      60    3.88219630856153E-01
      61   -2.64767498612901E-02
      62    8.28729310073509E-04
      63    1.31164644435071E-01
      64    2.49853121801457E+00
      65    1.73316819764936E+00
      66    2.76377103881411E+00
      67    4.58481001392160E-01
      68    8.86591409280658E-03
      69    5.10790349085122E-01
      70    8.47698447538033E-02
      71    1.35763625264598E-01
      72    4.72423017852541E-03
      73   -1.95412818814197E+01
      74    1.16482575234126E+01
      75   -2.82957869689522E+00
      76    1.15611786097574E-01
      77    6.13895463516930E-01
      78    8.20530139204058E-01
      79    8.53649722802864E-01
      80    2.20010970241141E-02
      81    3.08996487446583E-04
      82    2.46810011616362E-01
      83    1.83870136709748E+00
      84   -5.28569229872546E-01
      85    3.27190988202734E+00
      86    3.40791992758188E-01
      87   -3.65360912068064E-03
      88    8.12958862431331E-01
      89   -6.72791665300946E-02
      90    6.96126072424664E-02
      91   -1.86412244843117E-03
      92   -1.81494939485081E+00
      93   -1.62808462057048E+01
      94   -1.07889626692827E-02
      95    1.42250209407391E-01
      96    6.94756290092547E-01
      97    7.53251151448670E-01
      98    1.11033382264671E+00
      99    2.75077122121035E-02
     100    3.68919588722522E-04
     101    2.59103219552818E-01
     102    1.51611596189018E+00
     103   -1.26152228420679E+00
     104    4.81280388610689E+00
     105    1.03240650814655E-01
     106    1.12270345620905E-03
     107    2.30441165154375E-01
     108    2.56373088009941E-03
     109    6.55375651494529E-02
     110    2.58133062614005E-04
     111    7.97403579775434E+00
     112    1.97286964103140E+01
     113   -4.86179065934668E-01
     114    5.33342302308181E-02
     115    7.49524826451580E-01
     116    6.60122940806921E-01
     117    1.52578677279714E+00
     118    8.94677739492522E-03
     119    4.95874180500046E-04
     120    1.63576420612995E-01
     121    1.09531223419632E+00
     122   -1.86246476792547E+00
     123    8.30861534524481E+00
     124   -3.71198877162736E-01
     125    2.53895619887985E-03
     126   -1.91043398185476E+00
     127    3.31125659451316E-03
     128    4.48976700999270E-02
     129    7.38619070893003E-04
     130    2.25494407296877E+01
     131    1.00000000000000E+02
     132    3.69719609963794E-01
     133    5.00026700374771E-02
     134    5.50113979929970E-01
     135    7.46328796975730E-01
     136    1.26306442661500E+00
     137   -1.65619948622595E-01
     138   -9.58171811657641E-04
     139    2.75948670724952E-02
     140   -3.31747988600567E-01
     141    1.43415653791415E-01
     142   -4.37075456188873E-01
     143   -2.90416351809577E-01
     144   -2.41900284100780E-03
     145   -2.26224546106203E-01
     146    3.38074763001565E-03
     147   -7.57866020760293E-02
     148   -1.99620476228601E-03
     149    1.28972274074485E+00
     150    5.40569632545929E-02
     151   -7.01038638326595E-01
     152    6.01091026803780E-01
     153    5.49412178086485E-01
     154    7.64420050538176E-01
     155    1.26214540580282E+00
     156   -1.44076473381461E-01
     157   -2.13088562326594E-04
     158    5.45384669224037E-03
     159   -7.01474050828344E-03
     160    1.80829515231899E-01
     161   -9.18591541344506E-03
     162    2.15335895590123E-01
     163    7.44741378144362E-03
     164   -2.21308615739663E-01
     165   -1.37495099103415E-03
     166   -2.19746299632142E-02
     167    8.29470184604323E-03
     168   -1.18129675638576E+01
     169    4.77943571254624E+00
     170   -1.02219993228640E+00
     171    1.00045907369936E-01
     172    5.49717175849429E-01
     173    7.64899786224635E-01
     174    1.26254327066798E+00
     175   -1.36376401033553E-01
     176   -1.71953830816822E-04
     177   -2.33104949199741E-03
     178    6.09995450437036E-03
     179    9.59471254730416E-03
     180    7.95729631797857E-03
     181    1.54001428009096E-01
     182    8.22694529185493E-04
     183   -1.55697904526985E-01
     184   -1.30782067625341E-02
     185   -4.49011737459174E-02
     186   -3.84297333153422E-03
     187    1.27675893732794E-01
     188    2.03531103234953E-01
     189   -1.93524706213898E-03
     190    5.00000061550315E-02
     191    2.38317613037531E-03
     192    6.82273440675725E-04
     193    3.71043251728968E-03
     194    4.63804064661191E-03
     195    5.05216527817218E+01
     197    1.83963825237698E-03
     198   -1.20351592684845E-04
     199   -8.31901712044381E+01
     201    7.52285685729194E+01
     202    9.40357107161493E+01
     203   -7.89561521494940E-04
     204   -2.97872307219607E-04
     205    5.62060802511370E+01
     206    7.02576003139213E+01
     207    1.38777878078145E-17
     208    0.00000000000000E+00
     209    9.01083467315087E-03
     210    2.48303332613226E-04
     211   -2.59095699054530E+01
     212    8.69100848458240E+02
     213    1.35545571053817E-03
     214    1.69431963817271E-03
     215   -5.59763494501261E-04
     216   -1.68700575216854E-05
     217    7.03406707206492E-05
     218    8.79258384008114E-05
     219   -4.82625881870991E-03
     220    6.03282352338739E-03
     221   -4.22996098992769E-04
     222   -3.10082624526916E-06
     223    1.75224372586578E-03
     224    2.52512827525878E-03
     225    2.97194182731900E-04
     226    8.31809625513091E-04
     227   -2.57424418518092E-04
     228    3.38320995463984E-05
     229   -5.20417042793042E-18
     230    0.00000000000000E+00
     231   -4.38294114600057E-03
     232    5.47867643250074E-03
     233    1.77471264713658E-03
     234   -1.16606909150712E-03
     235   -1.98782818631343E+01
     236    3.29722145916194E+02
     237    0.00000000000000E+00
     238    0.00000000000000E+00
     239    1.63715438786100E-03
     240   -3.36218077069419E-04
     241   -1.06080986849907E+02
     242    1.32601233562383E+02
     243   -8.73512413714582E+00
     244    1.09189051714323E+01
     245    9.83243969243165E-04
     246   -5.28366767295925E-04
     247    4.34350681708446E+01
     248    1.46500284553594E+02
     249   -7.43759553567721E+00
     250    9.29699441959650E+00
     252    4.63804064661191E-03
     256    1.37371707628833E+01
     271    1.67411808963277E-04
     274    6.01651176963983E-04
     297    2.49981900254532E-02
     302    3.12875177635740E-05
     303    5.39172606584589E-05
     317   -8.30903591771150E-02
     362    3.17535871153708E-05
     363    9.99999909754336E-05
     367   -2.00942861159348E-05
     387    9.98674944960702E-05
     410    5.67966503048285E-05
     462    3.47859682333014E-05
     484    9.63597472427945E-05
     489   -8.35047048501794E-05
     508    9.83398996223857E-05
       0
