          ITN     700    Proceeding    NINF      0      OBJ  -2.908783597215E-02
OBJ=         RHS=         RNG=         BND=         M=     39 N=     38 SB=    1
33333330333330003333330330332333030033330000000033330000030000000033130000003
      29   -3.03454592954593E-07
       1    1.00000015861007E-02
       2    8.37964650000000E-01
       3   -1.38363535896897E-07
       4    5.45729200104748E-08
       5    7.99434737128329E-07
       6    1.93708034138104E-06
       7    1.58618069220811E-05
       8    0.00000000000000E+00
       9   -1.38363712336166E-03
      10    5.45729745681743E-04
      11   -1.49818408900862E-03
      12    1.93708019830988E-02
      13   -3.83272011574057E+01
      14   -1.21387794623169E+00
      15    3.66534321489407E-03
      16    1.00000000000000E-04
      17    1.91943290089217E-06
      18   -2.39832939953100E-07
      19    1.91943290089217E-02
      20   -2.41245436917019E-03
      21   -2.39833037423155E-03
      22   -2.17029338972978E+00
      23    2.71286673716223E+00
      24    1.06142373640991E-02
      25    1.32677967051239E-02
      26    0.00000000000000E+00
      27    1.03764726861144E+01
      28    2.71286673716223E+00
      30    5.04703272635136E-06
      31   -4.83440854339688E-08
      32    1.32677967051239E-02
      33    0.00000000000000E+00
       0
