          ITN     600    Proceeding    NINF      0      OBJ   7.938245374725E-03
OBJ=         RHS=         RNG=         BND=         M=    179 N=    180 SB=   24
33333333333333333233333333333333333323333333333333333332233333333333333332233333
33333333333332033333333333333333203322333322333333333322223322223322233333330303
03333333333333333333101300330000003303000000000000000000023113300000000000000000
01311333300000000000000000013003300000000000000000013103333000000000000000000013
333000000000000000000000000000000000003
      57    5.00169399449080E-02
     113    1.21041807456973E-03
     117    7.01966379574647E+00
     118    1.19326023600451E+02
     123   -3.60633262096040E+00
     148    2.09394402161195E+02
     149    3.67599707115729E-01
     137   -1.85724425820730E+01
     147   -1.39593237806779E+01
     143    2.48439292971565E+01
     141   -1.94285042579742E+01
     142    1.80594130723082E+02
     136    1.39414822316003E+02
     124    3.67909252364520E+02
     144    1.14927471680407E+02
      74    9.96495990764272E-01
     138    3.81987953461114E+01
      75    2.48285152255357E-02
      56   -8.42604449519747E-02
      18   -6.30373022125856E+00
      37   -2.34445243656653E+00
      94   -1.87215655714785E-01
     135    2.88532391584077E+01
     218    6.43699445031078E-06
       1    1.24255145123965E-02
       2    8.37723222405185E-01
       3    2.89489124847110E-03
       4   -1.11699048590317E-05
       5    8.18142436771040E-05
       6   -3.89082376280962E-04
       7    4.76952320765778E-02
       8   -4.74728911934671E-03
       9    5.69250392725736E-02
      10   -2.20949748266015E-04
      11    1.60875756944596E-03
      12   -7.64956214374491E-03
      13    3.80241789972059E-02
      14    1.25811076559396E-01
      15   -2.64725087294513E-03
      16    2.17390822836891E-01
      17    5.25202653081927E+00
      19    5.08538672689282E-02
      20    1.24940110503420E-02
      21    8.55785850290130E-01
      22    2.97462156107633E-03
      23   -9.50034454619816E-04
      24   -1.75087294560588E-05
      25    2.08411756341876E-02
      26    1.36155642667859E-03
      27    3.58460491886792E-01
      28    1.58486881611335E-03
      29   -1.86297739532881E-02
      30   -1.97103231613332E-03
      31    4.21320946147849E-01
      32    1.88507716799756E-02
      33    8.57905642469615E-02
      34   -2.17871368891784E-02
      35    6.98763475303639E-01
      36   -1.63166259761258E+01
      38    5.03898095338910E-02
      39    1.26904435894875E-02
      40    8.49104739794904E-01
      41    3.13814528459779E-03
      42   -1.65259430587280E-03
      43   -8.08906786186814E-06
      44    8.08243789301389E-03
      45    3.92772226544702E-03
      46   -1.33576515014235E-01
      47    3.26939032932829E-03
      48   -1.40459752626262E-02
      49    1.88319828683618E-04
      50   -2.55088646784620E-01
      51   -5.73940498219348E-02
      52    1.10456820793230E-01
      53    2.47348376176760E-02
      54    4.94385908423606E-02
      55    2.45129788719391E+01
      58    1.23566629797440E-02
      59    8.37740781058988E-01
      60    2.73887436754492E-03
      61   -3.46057018171395E-03
      62   -1.37994280708644E-05
      63    3.17309343470663E-03
      64   -6.58519397648073E-03
      65   -2.24759539057606E-01
      66   -7.87729482728018E-03
      67   -3.57507605464032E-02
      68   -1.12837631091455E-04
      69   -9.71220844258658E-02
      70    2.83283715296385E-02
      71    4.59172904210316E-02
      72   -7.44084305702382E-03
      73    1.14955592821321E+00
      76    5.05608346315851E-02
      77    1.39646214723051E-02
      78    8.37296444786861E-01
      79    4.65893460523085E-03
      80   -4.68334640297887E-03
      81    6.71643747456605E-05
      82    4.10369755458993E-03
      83    3.21591698510930E-02
      84   -8.88672544066872E-03
      85    3.84012047536825E-02
      86   -2.44555244253027E-02
      87    1.61927605632253E-03
      88    1.86120823976656E-02
      89    2.62942324148600E-02
      90    3.99359287811037E-02
      91    2.57461222134659E-03
      92    2.93996999950868E-02
      93    8.11816887794976E-02
      95    5.00000000000000E-02
      96    1.33610153896754E-02
      97    8.37282357003631E-01
      98    3.93752973269900E-03
      99   -5.83759695810287E-03
     100   -4.02440739333378E-05
     101    5.44800942753332E-03
     102   -1.20721216526005E-02
     103   -2.81755665652058E-04
     104   -1.44280974506232E-02
     105   -2.30850111024699E-02
     106   -2.14816897357997E-03
     107    2.68862374588734E-02
     108   -2.15639020353069E-02
     109   -4.74191238777373E-03
     110   -9.64959864706821E-03
     111   -3.26347311150181E-02
     112    5.42900875114895E-02
     114    5.00000000000000E-02
     115    1.93369473249706E-03
     116   -1.34621659802625E-04
     119    7.66741323150905E+00
     120    8.56674153934898E+01
     121    2.88357781403267E-03
     122   -1.23247513880930E-03
     125    3.27209277366939E-02
     126    4.09011596708674E-02
     127    1.29039271191834E-05
     128    4.68617945570785E-06
     129    8.79009609939331E-02
     130    1.09876201242416E-01
     131    4.74263729988570E-02
     132    5.92829662485712E-02
     133    1.44541216582615E-03
     134   -3.71561486065115E-04
     139    2.76012378656911E-03
     140   -2.42830874997784E-04
     145    1.68192868480377E-03
     146   -7.25310807351195E-04
     150    4.06541170510161E+00
       0
